# 海外价格调整说明

受境外市场电价等能源生产要素价格上涨的影响，UCloud将于2022年7月1日0点调整新加坡、伦敦、雅加达可用区云主机产品官网列表价。在2022年7月1日00:00创建的新购、续费订单将按新价格执行。


>文档中的价格供用户参考,2022年7月1日可直接访问[云主机控制台](https://console.ucloud.cn/uhost/uhost/create)或[价格计算器](https://www.ucloud.cn/site/calculator.html#!/uhost)，各机型详情可查看[机型与规格](https://docs.ucloud.cn/uhost/introduction/uhost/type)。


## 新加坡机房

### 通用N型

| CPU | 内存  | 单价(元/月) | 单价(元/年) |
| --- | --- | ------- | ------- |
| 1   | 1   | 125     | 1250    |
| 1   | 2   | 160     | 1600    |
| 1   | 4   | 230     | 2300    |
| 1   | 8   | 370     | 3700    |
| 2   | 2   | 250     | 2500    |
| 2   | 4   | 320     | 3200    |
| 2   | 8   | 460     | 4600    |
| 2   | 16  | 740     | 7400    |
| 4   | 4   | 500     | 5000    |
| 4   | 8   | 640     | 6400    |
| 4   | 16  | 920     | 9200    |
| 4   | 32  | 1480     | 14800    |
| 8   | 8   | 1000     | 10000    |
| 8   | 16  | 1280     | 12800    |
| 8   | 32  | 1840     | 18400    |
| 8   | 64  | 2960    | 29600   |
| 16  | 16  | 2000    | 20000   |
| 16  | 32  | 2560    | 25600   |
| 16  | 64  | 3680    | 19040   |
| 32  | 32  | 4000    | 21760   |
| 32  | 64  | 5120    | 28800   |
| 32  | 128 | 7360    | 38080   |


### 快杰O型

| CPU | 内存  | 单价(元/月) | 单价(元/年) |
| --- | --- | ------- | ------- |
| 1   | 1   | 110     | 1100    |
| 1   | 2   | 130     | 1300    |
| 1   | 4   | 170     | 1700    |
| 1   | 8   | 250     | 2500    |
| 2   | 2   | 234     | 2340    |
| 2   | 4   | 274     | 2740    |
| 2   | 8   | 354     | 3540    |
| 2   | 16  | 514     | 5140    |
| 4   | 4   | 468     | 4680    |
| 4   | 8   | 548     | 5480    |
| 4   | 16  | 708     | 7080    |
| 4   | 32  | 1028    | 10280    |
| 8   | 8   | 936     | 9360    |
| 8   | 16  | 1096    | 10960    |
| 8   | 32  | 1416    | 14160    |
| 8   | 64  | 2056    | 20560   |
| 16  | 16  | 1872    | 18720   |
| 16  | 32  | 2192    | 21920   |
| 16  | 64  | 2832    | 28320   |
| 32  | 32  | 3632    | 36320   |
| 32  | 64  | 4272    | 42720   |
| 32  | 128 | 5552    | 55520   |



## 伦敦机房

### 通用N型

| CPU | 内存  | 单价(元/月) | 单价(元/年) |
| --- | --- | ------- | ------- |
| 1   | 1   | 118     | 1180    |
| 1   | 2   | 153     | 1530    |
| 1   | 4   | 223     | 2230    |
| 1   | 8   | 363     | 3630    |
| 2   | 2   | 236     | 2360    |
| 2   | 4   | 306     | 3060    |
| 2   | 8   | 446     | 4460    |
| 2   | 16  | 726     | 7260    |
| 4   | 4   | 472     | 4720    |
| 4   | 8   | 612     | 6120    |
| 4   | 16  | 892     | 8920    |
| 4   | 32  | 1452     | 14520    |
| 8   | 8   | 944     | 9440    |
| 8   | 16  | 1224     | 12240    |
| 8   | 32  | 1784     | 17840    |
| 8   | 64  | 2904    | 29040   |
| 16  | 16  | 1888    | 18880   |
| 16  | 32  | 2448    | 24480   |
| 16  | 64  | 3568    | 35680   |
| 32  | 32  | 3776    | 37760   |
| 32  | 64  | 4896    | 48960   |
| 32  | 128 | 7136    | 71360   |


### 快杰O型

| CPU | 内存  | 单价(元/月) | 单价(元/年) |
| --- | --- | ------- | ------- |
| 1   | 1   | 110     | 1100    |
| 1   | 2   | 130     | 1300    |
| 1   | 4   | 170     | 1700    |
| 1   | 8   | 250     | 2500    |
| 2   | 2   | 234     | 2340    |
| 2   | 4   | 274     | 2740    |
| 2   | 8   | 354     | 3540    |
| 2   | 16  | 514     | 5140    |
| 4   | 4   | 468     | 4680    |
| 4   | 8   | 548     | 5480    |
| 4   | 16  | 708     | 7080    |
| 4   | 32  | 1028    | 10280    |
| 8   | 8   | 936     | 9360    |
| 8   | 16  | 1096    | 10960    |
| 8   | 32  | 1416    | 14160    |
| 8   | 64  | 2056    | 20560   |
| 16  | 16  | 1872    | 18720   |
| 16  | 32  | 2192    | 21920   |
| 16  | 64  | 2832    | 28320   |
| 32  | 32  | 3632    | 36320   |
| 32  | 64  | 4272    | 42720   |
| 32  | 128 | 5552    | 55520   |

